59,35
3,2
3,1
3,3
10,110
10,117
10,274
10,90
10,169
10,152
10,163
10,181
10,2
10,3
11,18
11,23
9,7
9,2
9,3
8,16
8,2
8,3
2,2
2,1
2,3
56,5
56,4
56,3
56,2
56,1
56,0
55,3
55,2
55,1
55,0
54,3
54,2
54,1
54,0
53,3
53,2
53,1
53,0
52,3
52,2
52,1
52,0
37,3
37,1
28,3
28,2
28,1
28,0
27,3
27,2
27,1
27,0
25,3
25,2
25,1
25,0
24,3
24,1
20,3
20,2
20,1
19,3
19,2
19,1
18,3
18,1
14,3
14,1
13,3
13,1
12,3
12,2
12,1
11,28
11,26
11,24
11,22
11,20
11,17
11,16
11,15
11,14
11,11
11,10
11,9
11,8
11,4
11,3
11,2
11,1
10,229
